217275
217466
222994
223011
226213
226267
226310
230328
230330
230368
230470
230473
230474
230492
230495
225544
226225
226442
230376
230389
230401
230456
227042
230220
230253
230278
230291
230307
230318
230361
241267
241577
242131
223143
226487
230381
230464
235366
226818
226824
230525
242084
243888
244088
244895
245418
241382
241446
241719
241724
242038
242061
244172
244176
244521
223359
226536
226217
226285
226354
226409
226517
226521
226544
226552
226565
226675
226701
226791
226858
226874
226915
226973
227017
227055
227087
227248
227497
227560
215949
225301
225522
231640
231720
231722
231724
231855
231868
231888
234383
234834
234870
235548
241718
244725
230548
230554
230557
230602
231135
231143
231168
231281
231287
231424
231495
231500
229977
230550
241334
241342
230583
238988
239108
240826
241269
241270
241281
241295
241301
241302
241304
241321
241346
241378
241381
244672
231267
231378
231453
231576
231646
231864
238952
238969
226520
226532
226534
226539
226548
226549
226555
226563
226567
226589
226661
226694
226740
226752
226756
226814
226224
226282
226317
226352
226365
226375
226415
226479
226494
226995
227004
227020
227030
227065
227078
227127
227179
227192
227286
227407
227464
227551
229714
230043
231940
226820
226870
226873
226880
226898
226919
226943
226956
226967
230902
234787
235044
238875
238975
239019
240837
241277
241285
241309
241325
241336
241377
241399
241402
241440
241479
241504
241544
241566
241587
248907
223518
223610
241604
241640
241665
241711
241741
241622
241778
241779
241849
241865
241879
241791
241900
241924
241988
242203
242244
223410
226456
226744
241951
242006
242095
242107
242141
242153
242189
244089
226313
242209
242220
242276
243826
243840
243868
243923
244024
244060
244087
244096
244104
244121
244123
244149
244161
244165
244236
226364
226306
226369
244242
244265
244305
244365
244516
244549
244592
244633
244635
244684
244749
244779
246589
246663
246703
247525
229716
230178
247899
247989
248258
248311
248347
248497
248623
249119
259462
227462
227498
225282
225374
229642
241481
241498
241526
241535
241542
241558
241559
241572
241592
241595
241608
241615
241642
241653
241669
241679
241683
241383
241384
241393
241400
241405
241421
241447
241476
241500
241851
241873
241878
241883
241904
241909
241913
241919
241928
241945
241958
241995
242003
242008
242058
241721
241742
241745
241762
241783
241796
241818
241822
241839
241861
242175
242177
242193
242204
242210
242257
242262
242264
242273
243401
243406
243827
243837
243857
243864
242079
242098
242099
242114
242129
242135
242146
242173
242181
244090
244092
244099
244100
244102
244114
244118
244122
244130
244132
244147
244151
244156
244159
244164
244166
244170
243906
243908
243910
243964
244012
244031
244047
244061
244067
244314
244335
244380
244443
244499
244541
244552
244557
244565
244584
244597
244643
244709
244717
244744
244766
244767
244828
244188
244229
244232
244237
244250
244251
244255
244273
244301
247762
247870
247914
247947
248005
248064
248116
248273
248290
248307
248314
248366
248458
248531
248552
248587
248669
248942
249552
250401
262787
244909
246618
246651
246686
246690
246698
246711
247022
265101
266689
268168
